1 1 5
1 1 6
1 1 7
1 1 8
1 1 9
1 1 10
1 1 11
1 1 12
1 1 13
1 1 14
1 1 15
1 1 16
1 1 17
1 1 18
1 1 19
1 1 20
1 1 21
1 1 24
1 1 26
1 1 30
1 1 31
1 1 35
1 2 5
1 2 6
1 2 7
1 2 8
1 2 9
1 2 13
1 2 14
1 2 15
1 2 16
1 2 17
1 2 18
1 2 19
1 2 20
1 2 24
1 2 26
1 2 28
1 2 30
1 2 31
1 2 33
1 2 35
1 3 5
1 3 6
1 3 7
1 3 8
1 3 9
1 3 13
1 3 14
1 3 15
1 3 16
1 3 17
1 3 19
1 3 20
1 3 21
1 3 24
1 3 26
1 3 30
1 3 31
1 3 33
1 3 35
1 4 5
1 4 6
1 4 7
1 4 8
1 4 9
1 4 12
1 4 13
1 4 14
1 4 15
1 4 16
1 4 17
1 4 18
1 4 19
1 4 20
1 4 21
1 4 25
1 4 26
1 4 27
1 4 30
1 4 31
1 4 35
1 5 6
1 5 7
1 5 8
1 5 9
1 5 11
1 5 13
1 5 14
1 5 15
1 5 16
1 5 17
1 5 18
1 5 19
1 5 20
1 5 21
1 5 24
1 5 26
1 5 30
1 5 34
1 5 35
1 6 9
1 6 10
1 6 11
1 6 12
1 6 13
1 6 14
1 6 15
1 6 16
1 6 17
1 6 18
1 6 19
1 6 20
1 6 21
1 6 22
1 6 23
1 6 24
1 6 25
1 6 26
1 6 27
1 6 28
1 6 29
1 6 30
1 6 31
1 6 32
1 6 33
1 6 34
1 6 35
1 7 8
1 7 9
1 7 13
1 7 14
1 7 16
1 7 19
1 7 20
1 7 21
1 7 23
1 7 24
1 7 26
1 7 27
1 7 28
1 7 30
1 7 31
1 7 33
1 7 34
1 7 35
1 8 10
1 8 11
1 8 12
1 8 13
1 8 16
1 8 17
1 8 18
1 8 20
1 8 21
1 8 23
1 8 26
1 8 27
1 8 28
1 8 29
1 8 30
1 8 31
1 8 33
1 9 15
1 9 16
1 9 17
1 9 18
1 9 19
1 9 20
1 9 21
1 9 23
1 9 24
1 9 25
1 9 26
1 9 27
1 9 28
1 9 29
1 9 30
1 9 31
1 9 33
1 9 34
1 9 35
1 10 11
1 10 12
1 10 13
1 10 14
1 10 15
1 10 16
1 10 17
1 10 19
1 10 20
1 10 21
1 10 24
1 10 26
1 10 27
1 10 29
1 11 13
1 11 14
1 11 16
1 11 19
1 11 20
1 11 21
1 11 22
1 11 24
1 11 26
1 11 27
1 11 28
1 11 31
1 12 13
1 12 14
1 12 15
1 12 16
1 12 17
1 12 18
1 12 19
1 12 20
1 12 21
1 12 23
1 12 24
1 12 26
1 12 27
1 12 29
1 12 31
1 12 34
1 13 15
1 13 16
1 13 17
1 13 18
1 13 19
1 13 20
1 13 21
1 13 22
1 13 23
1 13 24
1 13 25
1 13 26
1 13 27
1 13 28
1 13 29
1 13 30
1 13 31
1 13 33
1 13 34
1 13 35
1 14 15
1 14 16
1 14 17
1 14 18
1 14 20
1 14 21
1 14 22
1 14 23
1 14 25
1 14 26
1 14 27
1 14 28
1 14 29
1 14 30
1 14 31
1 14 33
1 14 34
1 14 35
1 15 16
1 15 19
1 15 20
1 15 21
1 15 23
1 15 24
1 15 25
1 15 27
1 15 28
1 15 30
1 15 31
1 15 33
1 15 34
1 15 35
1 16 17
1 16 18
1 16 19
1 16 20
1 16 21
1 16 23
1 16 24
1 16 25
1 16 27
1 16 28
1 16 29
1 16 30
1 16 31
1 16 32
1 16 33
1 16 34
1 16 35
1 17 20
1 17 21
1 17 23
1 17 24
1 17 25
1 17 27
1 17 28
1 17 29
1 17 30
1 17 31
1 17 32
1 17 33
1 17 34
1 17 35
1 18 20
1 18 21
1 18 23
1 18 25
1 18 27
1 18 29
1 18 30
1 18 31
1 18 32
1 18 34
1 18 35
1 19 20
1 19 21
1 19 23
1 19 26
1 19 27
1 19 28
1 19 29
1 19 30
1 19 31
1 19 32
1 19 33
1 19 34
1 19 35
1 20 22
1 20 23
1 20 24
1 20 25
1 20 26
1 20 27
1 20 28
1 20 29
1 20 30
1 20 31
1 20 32
1 20 33
1 20 34
1 20 35
1 21 22
1 21 23
1 21 24
1 21 25
1 21 26
1 21 27
1 21 28
1 21 29
1 21 30
1 21 31
1 21 32
1 21 33
1 21 34
1 21 35
1 22 23
1 22 24
1 22 27
1 23 25
1 23 26
1 23 27
1 23 28
1 23 29
1 23 30
1 23 31
1 23 33
1 23 34
1 23 35
1 24 26
1 24 27
1 24 28
1 24 29
1 24 30
1 24 31
1 24 33
1 24 34
1 24 35
1 25 27
1 25 29
1 25 30
1 25 31
1 25 34
1 25 35
1 26 27
1 26 29
1 26 30
1 26 31
1 26 32
1 26 33
1 26 34
1 26 35
1 27 28
1 27 29
1 27 30
1 27 31
1 27 33
1 27 34
1 28 29
1 28 30
1 28 31
1 28 32
1 28 33
1 28 34
1 28 35
1 29 30
1 29 31
1 29 32
1 29 33
1 29 34
1 29 35
1 30 33
1 30 34
1 30 35
1 31 34
1 31 35
1 32 35
1 33 34
1 33 35
2 1 11
2 2 3
2 3 4
2 4 6
2 4 7
2 5 6
2 6 7
2 6 8
2 7 8
2 7 15
2 8 9
2 8 14
2 8 15
2 9 13
2 9 14
2 10 12
2 10 13
2 11 12
2 11 22
2 12 13
2 12 20
2 12 21
2 13 14
2 13 19
2 13 20
2 13 21
2 14 15
2 14 16
2 14 17
2 14 18
2 14 19
2 14 20
2 14 21
2 15 16
2 15 17
2 15 18
2 16 17
2 16 18
2 16 26
2 17 18
2 17 26
2 18 19
2 18 25
2 18 28
2 19 20
2 19 21
2 19 24
2 19 25
2 20 21
2 20 23
2 20 24
2 21 23
2 21 27
2 23 24
2 23 27
2 23 30
2 24 25
2 24 30
2 24 31
2 25 26
2 25 28
2 25 30
2 25 31
2 26 28
2 27 29
2 28 30
2 28 31
2 28 35
2 29 30
2 29 34
2 30 31
2 30 32
2 30 33
2 30 34
2 31 32
2 31 33
2 31 34
2 32 33
2 32 34
2 33 34
3 1 11
3 1 12
3 1 22
3 2 3
3 3 4
3 4 5
3 4 6
3 4 7
3 5 6
3 5 10
3 5 13
3 6 7
3 6 8
3 6 9
3 6 10
3 7 8
3 7 9
3 7 15
3 8 9
3 8 14
3 8 15
3 9 10
3 9 13
3 9 14
3 9 15
3 10 12
3 10 13
3 11 12
3 11 22
3 12 13
3 13 14
3 13 19
3 13 20
3 13 21
3 13 24
3 14 15
3 14 18
3 14 19
3 15 17
3 15 18
3 16 17
3 16 25
3 16 26
3 16 28
3 17 18
3 18 19
3 18 25
3 19 20
3 19 24
3 19 25
3 20 21
3 20 23
3 20 24
3 20 27
3 21 22
3 21 27
3 23 24
3 23 27
3 24 25
3 24 30
3 25 26
3 25 28
3 25 30
3 25 31
3 26 28
3 27 29
3 28 31
3 28 35
3 29 30
3 29 34
3 30 31
3 30 32
3 30 33
3 30 34
3 31 33
3 32 33
3 32 34
